ID HJD phase Teff dTeff logg dlogg vturb dvturb vbr dvbr vrad dvrad
ASASSNJ180946.70-182238.2 58648.6242 0.872 5860  170 1.9  0.3 3.8  0.3 15  2 31.7  0.3
--- 58662.5124 0.777 5480  200 1.6  0.3 4.3  0.3 18  3 51.2  0.6
--- 58677.5251 0.836 5750  240 1.5  0.4 3.8  0.2 18  2 41.0  0.3
ASASJ052610+1151.3 58809.5630 0.366 5650  220 1.2  0.1 2.5  0.3 13  1 41.3  0.1
--- 58814.4975 0.532 5590  120 1.3  0.1 2.6  0.3 13  1 50.8  0.1
--- 58837.4555 0.957 6390  310 1.9  0.1 2.8  0.3 13  1 25.2  0.2
ASASJ061022+1438.6 58809.6053 0.608 5860  140 1.0  0.1 2.6  0.3 13  1 56.6  0.1
--- 58814.5464 0.629 5900  150 1.1  0.1 2.7  0.3 13  1 56.9  0.1
--- 58837.4976 0.373 5860  170 0.9  0.1 2.7  0.3 13  1 51.2  0.1
ASASJ063519+2117.8 59152.6212 0.418 6140  180 2.0  0.1 3.7  0.3 15  2 48.3  0.2
--- 59171.5498 0.934 6650  250 2.3  0.1 3.6  0.2 16  2 26.6  0.2
--- 59202.7366 0.555 6040  210 1.5  0.1 3.5  0.3 18  1 52.0  0.2
ASASJ065413+0756.5 59152.6940 0.408 6250  290 2.1  0.1 3.3  0.3 13  1 42.5  0.1
--- 59172.6137 0.032 6540  200 1.9  0.1 3.3  0.2 12  2 20.8  0.2
--- 59260.3476 0.887 6480  260 2.1  0.1 3.3  0.2 14  1 26.6  0.2
ASASJ070832-1454.5 58809.6666 0.392 5970  190 1.0  0.1 2.4  0.3 15  1 61.4  0.1
--- 58814.6358 0.170 6130  250 1.2  0.1 2.6  0.3 15  1 56.8  0.1
--- 58837.5954 0.764 6060  120 1.2  0.1 2.4  0.3 15  1 64.5  0.2
ASASJ070911-1217.2 58809.6873 0.955 6440  240 1.9  0.1 2.5  0.3 18  1 63.4  0.2
--- 58814.6554 0.015 6410  170 1.8  0.1 2.5  0.3 18  1 60.7  0.2
--- 58837.6146 0.532 6170  180 1.8  0.1 2.6  0.3 18  1 76.2  0.1
ASASJ072424-0751.3 58809.7098 0.027 6390  210 2.0  0.1 2.6  0.3 22  1 63.3  0.3
--- 58814.6787 0.426 6030  280 1.7  0.1 2.7  0.3 22  1 78.8  0.3
--- 58837.6373 0.510 6060  130 1.7  0.1 2.5  0.3 22  1 81.2  0.4
ASASJ074401-1707.8 59152.7297 0.853 6180  250 1.5  0.1 3.2  0.2 10  1 108.1  0.1
--- 59172.7003 0.743 6530  310 1.3  0.1 3.2  0.2 12  1 94.9  0.2
--- 59264.4987 0.818 6440  150 1.4  0.1 3.3  0.2 14  2 97.4  0.2
ASASJ074412-1704.9 58809.7553 0.709 5580  240 0.7  0.1 1.8  0.9 19  1 89.7  0.2
--- 58814.7347 0.768 5810  190 1.3  0.1 2.0  0.9 19  1 86.6  0.2
--- 58837.6921 0.651 5550  140 0.6  0.1 1.7  0.8 19  1 90.8  0.2
ASASJ162326-0941.0 58648.4844 0.675 6050  170 1.8  0.4 2.9  0.1 11  1 48.2  0.2
--- 58662.4401 0.801 6170  230 1.8  0.5 2.9  0.1 10  1 40.2  0.2
--- 58677.4015 0.656 6080  170 2.0  0.4 2.8  0.1 11  1 49.5  0.2
ASASJ180342-2211.0 59029.5474 0.453 4820  180 1.5  0.1 4.8  0.7 13  5 13.4  0.1
--- 59046.5040 0.851 4930  180 1.6  0.1 4.5  0.2 20  3 27.7  1.9
ASASJ182714-1507.1 59029.5667 0.283 5600  260 0.7  0.1 2.3  0.3 17  1 20.8  0.1
--- 59046.5280 0.342 5550  200 1.2  0.1 2.6  0.2 17  1 24.1  0.1
ASASJ183347-0448.6 58648.5014 0.918 6450  170 1.7  0.5 3.0  0.4 14  1 -8.1  0.3
--- 58662.5939 0.461 6120  180 1.5  0.5 2.8  0.4 13  1 -1.4  0.2
--- 58677.4421 0.247 6280  180 1.1  0.6 2.4  0.1 14  1 -8.4  0.2
ASASJ183652-0907.1 58648.5855 0.409 5990  130 2.2  0.3 2.5  0.3 10  1 -3.9  0.2
--- 58662.6195 0.827 6250  160 2.0  0.5 2.8  0.3 15  1 -6.8  0.2
--- 58677.6301 0.623 6090  180 2.7  0.4 2.5  0.3 13  1 -0.1  0.2
ASASJ183904-1049.3 58648.6433 0.132 6240  240 1.8  0.5 2.5  0.3 20  1 -6.9  0.4
--- 58662.6544 0.714 6140  160 1.6  0.5 2.6  0.3 20  1 5.8  0.3
--- 58677.5867 0.597 6090  150 1.7  0.4 2.7  0.3 20  1 9.3  0.3
ASASJ192007+1247.7 59029.47931 0.619 5600  130 0.7  0.1 2.4  0.1 18  2 7.1  0.3
--- 59046.45261 0.586 5500  220 0.7  0.1 2.2  0.1 18  2 9.8  0.1
--- 59053.65998 0.421 5250  125 0.8  0.1 2.6  0.2 14  1 6.2  0.1
ASASJ192310+1351.4 59029.49690 0.234 6250  130 1.1  0.1 2.1  0.2 12  2 -2.1  0.1
--- 59053.57714 0.334 6250  220 1.5  0.1 2.1  0.2 11  1 1.0  0.1
BD+5912 59152.34090 0.772 6350  250 1.5  0.1 3.5  0.3 24  1 -28.8  0.1
--- 59167.44631 0.088 6380  320 1.1  0.1 3.3  0.2 22  2 -44.8  0.3
--- 59200.33040 0.660 6270  180 1.5  0.1 3.6  0.4 22  2 -31.0  0.1
CFCam 59152.50388 0.274 6060  150 1.7  0.1 3.2  0.4 10  1 -39.3  0.1
--- 59215.53402 0.953 6400  154 1.9  0.1 3.3  0.2 12  2 -45.2  0.1
--- 59259.32798 0.595 5585  140 0.8  0.1 3.0  0.2 11  1 -26.5  0.1
DR2468646563398354176 59152.54715 0.053 6430  200 0.0  0.1 3.1  0.2 11  1 29.1  0.1
--- 59170.59596 0.088 6670  230 0.5  0.1 3.3  0.2 11  2 30.0  0.1
--- 59242.45968 0.114 6520  210 1.2  0.1 3.1  0.4 10  1 30.5  0.1
DR2514736269771300224 59152.39425 0.876 6450  280 1.4  0.1 3.7  0.4 14  1 -66.3  0.1
--- 59170.30991 0.307 6050  190 1.1  0.1 3.2  0.2 9  1 -63.4  0.1
--- 59185.62302 0.949 6470  280 1.3  0.1 3.2  0.2 13  1 -69.6  0.1
HD160473 59029.53160 0.732 6150  150 1.0  0.1 2.3  0.2 14  1 5.1  0.1
--- 59046.48443 0.217 6000  80 0.9  0.1 2.5  0.2 12  1 2.9  0.1
HOVul 59029.61249 0.211 5950  290 1.9  0.1 2.7  0.2 19  2 -12.0  0.1
--- 59046.72463 0.250 5950  190 1.9  0.1 2.9  0.5 19  2 -9.2  0.1
--- 59053.68819 0.486 5500  140 1.3  0.1 2.6  0.3 19  2 5.8  0.2
--- 59058.66606 0.370 5640  250 1.3  0.1 2.5  0.3 20  2 -1.3  0.2
OGLE-GD-CEP-0066 59152.65764 0.186 6460  200 1.4  0.1 3.2  0.2 11  1 40.2  0.1
--- 59172.65751 0.835 6470  280 1.6  0.1 3.3  0.2 12  1 53.1  0.2
--- 59259.37833 0.342 6410  175 1.8  0.1 3.2  0.2 9  1 46.1  0.1
OGLE-GD-CEP-0104 59197.70252 0.799 6320  210 1.6  0.1 3.4  0.2 22  1 87.2  0.2
--- 59242.53786 0.387 6010  220 1.3  0.1 3.1  0.4 16  1 89.5  0.2
--- 59264.45418 0.451 6130  225 1.4  0.1 3.0  0.3 16  1 93.0  0.2
OOPup 59242.58199 0.065 5820  210 0.7  0.1 3.8  0.4 14  1 81.2  0.1
--- 59258.52041 0.516 5205  160 0.9  0.1 4.2  0.5 15  2 109.3  0.1
--- 59259.42289 0.598 5460  200 0.9  0.1 4.1  0.5 18  2 111.2  0.1
--- 59263.50787 0.970 5880  145 0.9  0.1 3.6  0.4 11  2 85.1  0.1
--- 59264.54255 0.065 5900  275 1.2  0.1 3.8  0.4 14  1 81.1  0.1
OPPup 58809.7328 0.710 6230  160 1.6  0.1 2.1  0.3 11  1 76.0  0.2
--- 58814.7059 0.624 6200  230 1.8  0.1 2.2  0.3 11  1 76.0  0.1
--- 58837.6642 0.458 6030  200 1.4  0.1 2.1  0.3 11  1 70.0  0.1
ORCam 58809.5398 0.272 6000  200 1.3  0.1 2.2  0.3 15  1 -44.1  0.1
--- 58814.5224 0.624 5960  140 1.5  0.1 2.5  0.3 15  1 -34.5  0.1
--- 58837.4260 0.839 6180  270 1.6  0.1 2.6  0.3 15  1 -48.7  0.1
XSct 58648.5236 0.949 5730  170 1.4  0.3 3.5  0.3 14  1 18.0  0.2
--- 58662.5583 0.525 4800  150 1.1  0.1 4.1  0.4 13  1 45.9  0.6
--- 58677.5638 0.142 5200  170 1.0  0.3 3.5  0.3 12  1 18.3  0.5
V1495Aql 59029.4584 0.113 5750  200 0.4  0.1 2.6  0.2 14  1 37.1  0.1
--- 59046.5736 0.058 6000  190 0.2  0.1 2.5  0.2 13  1 36.2  0.1
--- 59053.6351 0.861 6000  230 0.7  0.1 2.7  0.2 13  1 33.8  0.1
V1496Aql 58648.6816 0.350 5200  140 0.2  0.3 4.4  0.5 13  2 78.4  0.3
--- 58662.6680 0.564 5050  150 0.1  0.4 4.2  0.5 14  2 87.0  0.5
--- 58677.4830 0.792 5230  240 0.3  0.4 4.3  0.6 16  3 93.8  0.7
V1788Cyg 59029.6752 0.412 4950  150 0.9  0.1 4.5  0.3 10  2 -13.1  0.1
--- 59046.6059 0.613 4800  120 1.0  0.1 5.0  0.5 10  2 4.0  0.2
--- 59053.5364 0.105 5650  190 1.1  0.1 2.9  0.2 16  1 -40.7  0.2
--- 59066.7076 0.040 6000  230 1.3  0.1 3.1  0.2 18  2 -40.5  0.2

V2475Cyg 59029.6422 0.926 6180  130 1.4  0.1 3.6  0.3 13  2 -12.3  0.1
--- 59053.4596 0.987 6450  190 0.2  0.1 2.5  0.2 13  1 -16.2  0.3
--- 59102.3996 0.222 5700  250 0.9  0.1 2.9  0.3 12  1 -19.0  0.1
V355Sge 58648.7036 0.579 4730  140 0.9  0.2 4.1  0.3 14  2 46.0  1.0
--- 58662.6872 0.015 5340  120 0.7  0.3 3.4  0.2 15  1 16.4  0.4
--- 58677.4521 0.475 4730  100 0.7  0.1 3.6  0.5 12  2 40.6  0.6
V371Gem 58809.5859 0.154 6500  200 1.9  0.1 2.2  0.3 10  1 21.5  0.2
--- 58814.5662 0.484 6150  160 1.6  0.1 2.3  0.3 10  1 33.6  0.1
--- 58837.4785 0.203 6420  300 1.7  0.1 2.4  0.3 10  1 23.7  0.1
V383Cyg 59029.7032 0.402 5550  270 1.3  0.1 2.9  0.5 18  2 -9.3  0.1
--- 59053.4980 0.090 5950  280 1.6  0.1 2.9  0.2 18  2 -15.3  0.1
--- 59067.6913 0.098 6270  170 1.6  0.1 2.9  0.2 16  1 -32.1  0.1
V389Sct 59029.5895 0.997 6300  300 0.3  0.1 2.2  0.2 11  1 25.6  0.1
--- 59046.5486 0.467 6000  230 1.0  0.1 2.4  0.2 10  1 39.3  0.1
--- 59053.6068 0.328 6000  230 0.8  0.1 2.4  0.2 10  1 33.2  0.1
V536Ser 58648.5635 0.034 5740  100 1.0  0.4 4.2  0.3 12  1 1.2  0.2
--- 58662.4887 0.579 5340  120 1.2  0.3 3.7  0.1 12  2 24.1  0.5
--- 58677.5026 0.246 4730  100 0.6  0.1 3.4  0.9 12  1 40.6  0.5
V598Per 59152.4608 0.752 5540  140 2.4  0.1 4.4  0.5 16  2 -2.8  0.1
--- 59200.4233 0.214 6040  200 1.1  0.1 3.2  0.3 13  1 -33.8  0.1
--- 59242.4884 0.635 5510  140 1.0  0.1 3.5  0.4 14  1 -11.6  0.1
V824Cas 59152.3638 0.427 5970  180 0.8  0.1 3.4  0.2 11  1 -68.6  0.1
--- 59167.4690 0.250 6160  190 0.9  0.1 3.5  0.2 11  1 -76.0  0.1
--- 59200.3533 0.396 6020  220 0.8  0.1 3.5  0.2 10  1 -69.9  0.1
V912Aql 58648.6623 0.452 5620  150 2.0  0.2 2.9  0.3 8  1 14.4  0.2
--- 58662.4650 0.589 5570  100 1.6  0.3 3.3  0.3 10  1 21.8  0.2
--- 58677.4225 0.988 6500  200 1.6  0.5 2.5  0.3 14  1 -5.5  0.2
V914Mon 58809.6472 0.069 6130  170 1.4  0.1 2.5  0.3 9  1 44.5  0.1
--- 58814.6125 0.921 6210  220 1.3  0.1 2.5  0.3 9  1 38.5  0.2
--- 58837.5770 0.488 6360  260 1.7  0.1 2.5  0.3 9  1 45.9  0.2
V946Cas 59152.4241 0.531 5610  270 0.6  0.1 3.6  0.5 12  1 -4.3  0.1
--- 59170.3837 0.768 5820  240 1.1  0.1 4.0  0.3 18  2 0.7  0.1
--- 59200.3861 0.846 6150  230 1.7  0.1 4.2  0.4 18  2 -7.6  0.1
V966Mon 59187.7141 0.404 5580  150 1.2  0.1 2.5  0.2 13  2 51.4  0.1
--- 59216.6039 0.453 5530  230 1.4  0.1 2.7  0.2 13  2 53.4  0.1
--- 59242.6160 0.808 5570  240 0.8  0.1 2.7  0.4 15  3 50.2  0.2
V5567Sgr 58648.6052 0.103 5670  80 1.5  0.4 3.4  0.4 12  1 -1.4  0.2
--- 58662.5328 0.529 5400  160 1.7  0.3 3.7  0.4 15  2 24.8  0.2
--- 58677.5445 0.067 5700  140 2.1  0.3 3.2  0.3 8  1 0.1  0.1
XSct 58648.5420 0.690 5750  200 2.1  0.3 3.2  0.3 18  2 28.5  0.3
--- 58662.5769 0.033 6700  240 2.1  0.4 2.8  0.3 15  2 -8.2  0.3
--- 58677.6049 0.613 5700  220 2.1  0.3 3.0  0.3 17  1 24.5  0.2
ZTFJ000234.99+650517.9 59152.3112 0.676 5360  210 0.3  0.1 4.3  0.8 16  1 -56.7  0.1
--- 59167.4165 0.058 5400  230 0.7  0.1 4.1  0.5 13  1 -70.8  0.1
--- 59200.3003 0.066 5480  200 0.6  0.1 4.1  0.8 13  1 -71.0  0.1
