# Y=0.25, Z=0.008
M/Mo log(L/Lo) log(Teff_blue) log(Teff_red)
 3.0  2.100  3.850  3.808
 3.0  2.350  3.837  3.791
 3.0  2.600  3.825  3.773
 4.0  2.600  3.827  3.783
 4.0  2.850  3.814  3.766
 4.0  3.100  3.801  3.747
 5.0  3.000  3.810  3.759
 5.0  3.250  3.799  3.741
 5.0  3.500  3.787  3.716
 6.0  3.250  3.798  3.747
 6.0  3.500  3.787  3.727
 6.0  3.750  3.777  3.732
 7.0  3.500  3.789  3.730
 7.0  3.750  3.778  3.709
 7.0  4.000  3.772  3.724
 8.0  3.700  3.783  3.714
 8.0  3.950  3.775  3.722
 8.0  4.200  3.765  3.707
 9.0  3.900  3.776  3.731
 9.0  4.150  3.769  3.722
 9.0  4.400  3.764  3.688
12.0  4.300  3.768  3.723
12.0  4.550  3.764  3.687

