CEP teff logg vtur Mh dteff dlogg dvtur feh sfeh dfeh nlinesFeI feIIh sfeIIh dfeIIh nlinesFeII merit slope_AbEP slope_AbEWR p2p_EP p2p_EWR oh soh doh nlineso
OGLE0434 5890 0.80 2.90 -0.30 100 0.14 0.12 -0.27 0.147 0.0615 107 -0.246 0.146 0.0595 15 2.44 -0.38402E-01 0.13700E-02 6.210 1.07891 -0.068 0.013 0.107 2
OGLE0501 5273 0.60 3.10 -0.30 77 0.06 0.11 -0.308 0.117 0.0515 96 -0.31 0.055 0.0395 11 1.53 -0.17571E-01 0.24166E-01 5.620 1.02856 -0.023 0.075 0.096 2
OGLE0510 5853 0.70 3.30 -0.10 64 0.21 0.16 -0.124 0.149 0.038 88 -0.103 0.216 0.036 9 2.23 -0.36191E-01 0.19262E-01 6.190 1.08898 0.105 0.020 0.071 1
OGLE0512 5497 0.40 3.80 -0.30 79 0.07 0.34 -0.292 0.145 0.0485 92 -0.288 0.072 0.047 12 3.95 -0.57130E-01 -0.73677E-02 6.210 1.09322 -0.042 0.003 0.09 2
OGLE0528 5465 0.50 3.30 -0.20 64 0.08 0.23 -0.208 0.156 0.0275 103 -0.206 0.073 0.0405 13 2.64 -0.40111E-01 -0.24303E-01 6.210 1.03868 0.017 0.013 0.0785 2
OGLE0545 5485 0.90 4.00 -0.30 85 0.05 0.21 -0.342 0.135 0.068 93 -0.377 0.041 0.0415 10 2.69 -0.24751E-01 0.13635E-01 5.600 .99689 -0.141 0.050 0.0865 1
OGLE0590 6229 0.50 3.80 -0.20 322 0.12 0.11 -0.217 0.104 0.185 86 -0.21 0.145 0.134 15 2.30 -0.31122E-01 -0.18156E-01 5.890 1.08010 -8.69 0.000 0 0
OGLE0594 5885 1.50 3.30 -0.30 194 0.09 0.26 -0.186 0.179 0.117 72 -0.167 0.065 0.0935 8 3.34 -0.58868E-01 -0.37197E-02 5.600 .86466 0.305 0.060 0.1925 1
OGLE0648 5549 1.00 3.10 -0.30 90 0.07 0.12 -0.322 0.146 0.053 111 -0.335 0.079 0.048 17 4.21 -0.52306E-01 -0.11455E-01 5.600 1.07475 -0.009 0.030 0.104 1
OGLE0683 5843 0.90 2.90 -0.20 105 0.13 0.10 -0.181 0.134 0.0705 92 -0.176 0.163 0.074 16 2.19 -0.37025E-01 0.44327E-01 5.600 1.05232 0.031 0.040 0.129 1
OGLE0712 5651 0.50 2.40 -0.20 77 0.16 0.25 -0.209 0.287 0.05 118 -0.195 0.201 0.0525 16 0.39 0.82919E-02 0.71103E-02 5.620 1.06464 -0.206 0.022 0.097 2
OGLE0716 5296 0.80 2.70 -0.40 71 0.06 0.08 -0.356 0.122 0.0495 115 -0.387 0.079 0.0535 14 2.63 -0.28196E-01 0.33785E-02 5.650 1.09131 -0.076 0.054 0.095 2
OGLE0727 5849 1.20 4.00 -0.30 240 0.09 0.24 -0.322 0.137 0.1625 79 -0.337 0.093 0.147 12 4.85 -0.61572E-01 0.11501E+00 5.300 1.04007 0 0 0 0
OGLE0757 5466 0.90 3.70 -0.30 100 0.09 0.21 -0.286 0.147 0.065 92 -0.327 0.093 0.0525 13 2.12 -0.23808E-01 0.17630E-01 5.320 .94584 0 0 0 0
OGLE0770 5274 0.80 3.00 -0.40 73 0.05 0.10 -0.346 0.134 0.053 105 -0.373 0.069 0.034 17 1.90 -0.25580E-01 0.20541E-01 5.600 1.04355 -0.257 0.020 0.076 1
OGLE0787 5018 0.60 4.00 -0.40 69 0.09 0.38 -0.351 0.162 0.0535 66 -0.34 0.066 0.061 8 1.25 -0.15123E-01 0.13511E+00 5.320 .93641 0 0 0 0
OGLE0798 5329 0.90 4.00 -0.20 83 0.07 0.18 -0.327 0.091 0.061 78 -0.355 0.071 0.062 11 2.30 -0.14698E-01 0.81220E-01 5.320 1.07564 0 0 0 0
OGLE0800 6191 0.80 3.40 -0.40 138 0.12 0.14 -0.381 0.138 0.0845 101 -0.406 0.158 0.065 15 3.01 -0.40116E-01 -0.95419E-02 5.300 1.09674 0 0 0 0
OGLE0812 6342 0.80 2.60 -0.20 118 0.14 0.14 -0.238 0.141 0.0705 104 -0.243 0.177 0.066 18 2.61 -0.37512E-01 -0.15549E-01 5.620 1.08531 0.192 0.050 0.116 1
OGLE0819 5020 0.50 3.30 -0.30 55 0.06 0.16 -0.316 0.129 0.0385 94 -0.341 0.066 0.042 11 0.92 -0.25199E-02 0.17998E-01 5.600 .97593 -0.185 0.020 0.0895 1
OGLE0821 5534 0.60 3.60 -0.30 89 0.08 0.38 -0.349 0.165 0.0525 105 -0.381 0.068 0.041 12 4.40 -0.67386E-01 -0.20196E-01 5.600 1.08505 -0.002 0.020 0.1025 1
OGLE0831 5301 1.00 3.60 -0.30 84 0.07 0.20 -0.333 0.153 0.049 100 -0.345 0.065 0.0395 13 2.26 -0.29874E-01 0.41738E-02 5.620 1.09246 -0.098 0.064 0.096 2
OGLE0844 6307 1.00 3.70 -0.20 141 0.13 0.17 -0.168 0.111 0.083 84 -0.183 0.151 0.0635 14 2.20 -0.34119E-01 0.70210E-02 5.300 1.01211 0 0 0 0
OGLE0847 5036 0.60 3.00 -0.30 81 0.07 0.14 -0.266 0.174 0.0545 100 -0.245 0.099 0.0525 13 1.21 -0.24378E-01 0.27607E-01 5.620 .94685 -0.058 0.105 0.0975 2
OGLE0848 5722 1.30 4.00 -0.30 141 0.09 0.19 -0.295 0.146 0.0935 80 -0.294 0.085 0.0815 10 3.27 -0.41528E-01 0.90875E-01 5.300 1.00733 0 0 0 0
OGLE0888 5786 1.10 3.10 -0.30 87 0.09 0.09 -0.33 0.120 0.0585 110 -0.322 0.095 0.057 17 2.90 -0.32909E-01 -0.16561E-01 5.910 1.0921 0 0 0 0
OGLE0915 5619 1.30 3.20 -0.40 98 0.06 0.10 -0.366 0.109 0.07 106 -0.361 0.065 0.0585 14 3.53 -0.34537E-01 0.14392E-01 5.620 1.05847 -0.15 0.008 0.109 2
OGLE0936 6282 1.10 3.00 -0.30 79 0.12 0.20 -0.33 0.149 0.05 100 -0.321 0.151 0.037 17 1.88 -0.45142E-01 -0.16092E-01 5.320 1.06708 -8.69 0.000 0 0
OGLE0949 5737 1.10 3.90 -0.30 95 0.07 0.24 -0.272 0.146 0.0615 95 -0.3 0.077 0.0535 11 2.79 -0.36219E-01 0.10825E-01 5.320 1.05179 0 0 0 0
OGLE0966 5046 0.30 4.00 -0.30 62 0.07 0.23 -0.332 0.140 0.044 76 -0.347 0.062 0.054 9 1.74 -0.25806E-01 0.98508E-01 5.600 1.01824 -0.232 0.020 0.0905 1
OGLE0969 5198 0.80 3.10 -0.30 62 0.06 0.14 -0.313 0.119 0.034 101 -0.321 0.070 0.043 15 0.79 -0.78220E-02 0.19238E-01 5.650 1.05860 -0.206 0.024 0.0895 2
OGLE0970 5709 0.80 3.00 -0.20 80 0.15 0.15 -0.149 0.146 0.0515 93 -0.148 0.171 0.054 13 2.23 -0.33117E-01 -0.52937E-02 5.600 1.06820 -0.002 0.030 0.091 1
OGLE0975 6031 1.10 3.60 -0.20 129 0.10 0.25 -0.21 0.174 0.0775 89 -0.227 0.089 0.0575 12 3.60 -0.63501E-01 -0.14003E-01 5.300 1.04916 0 0 0 0
OGLE0978 5394 0.90 4.00 -0.40 73 0.06 0.22 -0.353 0.151 0.0475 94 -0.384 0.061 0.0255 12 2.70 -0.32853E-01 -0.17542E-01 5.600 1.05549 -0.148 0.030 0.066 1
OGLE0986 5713 0.70 4.00 -0.20 132 0.17 0.20 -0.216 0.132 0.087 76 -0.215 0.161 0.0635 8 2.97 -0.47345E-01 0.22109E-01 5.320 .97977 0 0 0 0
OGLE0992 5695 0.80 4.00 -0.20 75 0.27 0.35 -0.193 0.125 0.052 75 -0.163 0.217 0.051 7 4.32 -0.51258E-01 0.20412E+00 5.600 1.04559 0.081 0.020 0.091 1
OGLE1001 5047 0.60 3.50 -0.30 67 0.08 0.12 -0.313 0.115 0.047 89 -0.322 0.098 0.0385 12 0.52 -0.63301E-02 0.70313E-02 5.620 .83330 -0.119 0.096 0.0905 2
OGLE1031 4856 0.50 3.80 -0.40 59 0.06 0.18 -0.401 0.117 0.038 77 -0.421 0.083 0.0185 13 0.73 0.29179E-02 -0.37323E-02 5.600 1.01287 -0.33 0.030 0.07 1
OGLE1058 6538 1.40 3.60 -0.20 262 0.14 0.22 -0.201 0.142 0.156 74 -0.206 0.185 0.129 14 2.78 -0.46600E-01 0.23839E-02 5.620 1.07071 0.524 0.106 0.244 2
OGLE1080 5198 0.80 4.00 -0.40 100 0.08 0.31 -0.364 0.170 0.077 70 -0.386 0.077 0.0875 8 4.73 -0.38960E-01 0.37067E+00 5.300 .91330 0 0 0 0
OGLE1109 5524 1.20 3.80 -0.40 100 0.06 0.16 -0.386 0.127 0.069 97 -0.392 0.055 0.05 12 2.15 -0.28371E-01 0.56994E-02 5.630 1.04641 -0.185 0.060 0.109 1
OGLE1112 5846 1.10 3.50 -0.20 143 0.10 0.18 -0.196 0.162 0.0855 85 -0.224 0.085 0.055 12 1.74 -0.41657E-01 -0.17004E-01 5.620 1.00483 0.451 0.040 0.1265 1
OGLE1313 6515 1.70 3.30 -0.50 232 0.10 0.16 -0.463 0.127 0.138 86 -0.476 0.075 0.111 11 4.41 -0.51033E-01 -0.20369E-02 5.620 1.05866 0.524 0.057 0.2095 2
OGLE1374 5801 1.30 4.00 -0.40 143 0.08 0.21 -0.384 0.127 0.0925 77 -0.412 0.084 0.067 11 4.83 -0.66670E-01 0.14544E-01 5.620 1.06472 0.395 0.050 0.132 1
OGLE1389 5770 1.10 2.90 -0.30 86 0.12 0.10 -0.3 0.151 0.06 112 -0.301 0.118 0.063 14 3.84 -0.46681E-01 0.32752E-01 5.600 1.05290 -0.124 0.040 0.1095 1
OGLE1411 5577 1.10 4.00 -0.40 88 0.07 0.21 -0.35 0.112 0.0635 91 -0.389 0.071 0.0375 12 2.71 -0.24906E-01 0.56003E-01 5.600 1.06452 -0.253 0.050 0.079 1
OGLE1417 5557 1.10 3.90 -0.30 74 0.06 0.17 -0.27 0.151 0.041 87 -0.284 0.049 0.051 11 4.47 -0.55491E-01 0.13562E-01 5.320 1.06541 0 0 0 0
OGLE1424 5931 1.20 3.20 -0.30 115 0.11 0.10 -0.309 0.100 0.0695 95 -0.304 0.135 0.072 14 1.84 -0.23138E-01 -0.17696E-01 5.320 1.05488 -8.69 0.000 0 0
OGLE1431 5732 1.10 3.80 -0.20 87 0.08 0.16 -0.233 0.123 0.0595 93 -0.259 0.085 0.061 12 2.93 -0.32152E-01 0.30854E-02 5.620 1.07645 0.162 0.050 0.1035 1
OGLE1463 6166 1.30 3.00 -0.20 119 0.11 0.11 -0.157 0.136 0.065 88 -0.13 0.131 0.082 16 1.68 -0.31150E-01 -0.15124E-01 5.300 .98991 0 0 0 0
OGLE1466 5911 1.30 3.50 -0.30 108 0.11 0.14 -0.26 0.106 0.07 86 -0.28 0.125 0.0625 14 1.93 -0.27548E-01 0.90554E-02 5.600 1.04348 0.001 0.040 0.113 1
OGLE1490 6204 1.40 2.90 -0.30 123 0.20 0.14 -0.322 0.132 0.066 113 -0.299 0.121 0.0635 16 4.06 -0.44618E-01 -0.28793E-01 5.620 1.08943 -0.13 0.050 0.12 1
OGLE1526 5466 1.10 3.80 -0.30 114 0.10 0.18 -0.289 0.164 0.0725 97 -0.274 0.112 0.07 13 0.93 -0.14465E-01 -0.18382E-01 5.320 1.00161 0 0 0 0
OGLE1539 5002 0.80 3.90 -0.40 67 0.06 0.23 -0.398 0.151 0.051 86 -0.412 0.071 0.0435 15 0.50 -0.27159E-02 -0.18857E-02 5.600 1.02569 -0.037 0.020 0.0915 1
OGLE1578 5777 1.30 3.80 -0.20 99 0.12 0.26 -0.174 0.157 0.059 89 -0.165 0.146 0.066 11 1.88 -0.28882E-01 0.99560E-02 5.320 1.04506 0 0 0 0
OGLE1587 5158 0.80 4.00 -0.20 63 0.05 0.26 -0.234 0.142 0.0465 75 -0.237 0.025 0.055 7 2.25 -0.29416E-01 0.14783E+00 5.320 1.00165 0 0 0 0
OGLE1616 5572 0.70 2.90 -0.20 70 0.14 0.09 -0.195 0.118 0.033 100 -0.196 0.145 0.035 16 1.39 -0.20779E-01 -0.26674E-01 6.190 1.08567 -0.027 0.030 0.084 1
OGLE1637 5305 0.30 3.00 -0.10 98 -0.10 0.10 -0.05 0.227 0.0885 76 -0.036 0.028 0.0115 5 3.83 -0.17118E-01 0.52632E+00 5.600 .84623 -0.25 0.040 0.0575 1
OGLE1641 6475 0.90 3.40 -0.20 152 0.11 0.15 -0.184 0.135 0.0965 99 -0.203 0.141 0.0755 15 2.54 -0.39936E-01 -0.10988E-01 5.300 1.08093 -8.69 0.000 0 0
OGLE1647 5974 1.30 3.40 -0.20 95 0.10 0.17 -0.192 0.131 0.071 96 -0.183 0.128 0.0745 15 2.40 -0.30848E-01 -0.12517E-01 5.320 1.07916 0 0 0 0
OGLE1677 6419 0.70 2.80 -0.10 138 0.14 0.16 -0.064 0.165 0.073 91 -0.056 0.183 0.07 14 2.47 -0.48167E-01 0.24491E-01 6.210 1.05098 0.43 0.040 0.138 1
OGLE1862 5282 0.80 3.30 -0.30 65 0.07 0.17 -0.315 0.137 0.0435 100 -0.324 0.073 0.0445 15 2.01 -0.22974E-01 -0.18786E-01 5.600 1.00609 -0.196 0.030 0.0945 1
OGLE1939 5745 1.30 3.30 -0.30 210 0.11 0.13 -0.274 0.125 0.125 72 -0.287 0.124 0.0965 13 2.03 -0.27508E-01 0.25769E-01 5.320 .67364 0 0 0 0
OGLE1941 5451 1.20 3.90 -0.30 89 0.05 0.14 -0.272 0.119 0.0635 99 -0.293 0.053 0.0495 14 1.39 -0.11407E-01 -0.58196E-02 5.620 1.00496 -0.025 0.086 0.1015 2
OGLE1994 6433 1.00 2.80 -0.30 137 0.11 0.09 -0.29 0.104 0.084 96 -0.285 0.154 0.083 19 0.30 -0.23623E-02 0.76516E-02 5.890 1.06100 0 0 0 0
OGLE2012 5876 1.20 2.80 -0.20 91 0.12 0.08 -0.238 0.114 0.0465 100 -0.233 0.111 0.052 14 3.13 -0.31424E-01 0.13439E-01 5.600 1.07803 -0.043 0.040 0.102 1
OGLE2019 4970 0.60 4.00 -0.20 66 0.10 0.42 -0.186 0.156 0.0585 57 -0.225 0.083 0.0375 6 1.34 0.49693E-02 0.16810E+00 5.320 .89146 0 0 0 0
OGLE2043 5610 1.10 3.40 -0.30 99 0.07 0.11 -0.341 0.098 0.0635 93 -0.371 0.071 0.051 13 2.19 -0.19935E-01 -0.18074E-01 5.320 1.05083 -8.69 0.000 0 0
